

This code output is a numerical aproximation for a plane stresss 
or a plane strain problem.

Loading input data from file: elm_data4.dat
Reading Data File



File info: 
%This code defines the elastic properties of the material

Mechanical properties: 

Young M.        nu             mu                   h          selectFlag
80000           0.25          8e+10                 8              1
Number Of Elements     Number Of Nodes
2                        6
Number Of Fixed Nodes            Number Of Dynamic Constrains
2                                       2
Model Type                Global Element Thickness
4                                       8
Total number of degrees of freedom
12

Reading element map: 

%elements_map:_element_ID,_1st_node_ID,_2nd_node_id,_...
4  0  2  3  1  
4  2  4  5  3  

Reading node coordinates map: 

%nodal_coordinates_map:_xCoordindate,_yCoordindate,...
0.000  0.000  
0.000  200.000  
200.000  0.000  
200.000  200.000  
400.000  0.000  
400.000  200.000  

Reading global nodal indexes map where constrains are imposed: 

0  
1  

Reading global nodal map of constrains values: 1: fixed node, 0: free node 

1.000  1.000  
1.000  0.000  

Reading global nodal indexes map where forces are imposed: 

4  
5  

Reading global nodal map of force values 

0.000  
0.000  
0.000  
0.000  
0.000  
0.000  
0.000  
0.000  
1000000.000  
0.000  
1000000.000  
0.000  


Basic Kg Assembler 
0.000  0.000  0.000  0.000  0.000  0.000  0.000  0.000  0.000  0.000  0.000  0.000  
0.000  0.000  0.000  0.000  0.000  0.000  0.000  0.000  0.000  0.000  0.000  0.000  
0.000  0.000  0.000  0.000  0.000  0.000  0.000  0.000  0.000  0.000  0.000  0.000  
0.000  0.000  0.000  0.000  0.000  0.000  0.000  0.000  0.000  0.000  0.000  0.000  
0.000  0.000  0.000  0.000  0.000  0.000  0.000  0.000  0.000  0.000  0.000  0.000  
0.000  0.000  0.000  0.000  0.000  0.000  0.000  0.000  0.000  0.000  0.000  0.000  
0.000  0.000  0.000  0.000  0.000  0.000  0.000  0.000  0.000  0.000  0.000  0.000  
0.000  0.000  0.000  0.000  0.000  0.000  0.000  0.000  0.000  0.000  0.000  0.000  
0.000  0.000  0.000  0.000  0.000  0.000  0.000  0.000  0.000  0.000  0.000  0.000  
0.000  0.000  0.000  0.000  0.000  0.000  0.000  0.000  0.000  0.000  0.000  0.000  
0.000  0.000  0.000  0.000  0.000  0.000  0.000  0.000  0.000  0.000  0.000  0.000  
0.000  0.000  0.000  0.000  0.000  0.000  0.000  0.000  0.000  0.000  0.000  0.000  


Stiff Matrix for element 0
312888.889  106666.667  -184888.889  -21333.333  -156444.444  -106666.667  28444.444  21333.333  
106666.667  312888.889  21333.333  28444.444  -106666.667  -156444.444  -21333.333  -184888.889  
-184888.889  21333.333  312888.889  -106666.667  28444.444  -21333.333  -156444.444  106666.667  
-21333.333  28444.444  -106666.667  312888.889  21333.333  -184888.889  106666.667  -156444.444  
-156444.444  -106666.667  28444.444  21333.333  312888.889  106666.667  -184888.889  -21333.333  
-106666.667  -156444.444  -21333.333  -184888.889  106666.667  312888.889  21333.333  28444.444  
28444.444  -21333.333  -156444.444  106666.667  -184888.889  21333.333  312888.889  -106666.667  
21333.333  -184888.889  106666.667  -156444.444  -21333.333  28444.444  -106666.667  312888.889  


Stiff Matrix for element 1
312888.889  106666.667  -184888.889  -21333.333  -156444.444  -106666.667  28444.444  21333.333  
106666.667  312888.889  21333.333  28444.444  -106666.667  -156444.444  -21333.333  -184888.889  
-184888.889  21333.333  312888.889  -106666.667  28444.444  -21333.333  -156444.444  106666.667  
-21333.333  28444.444  -106666.667  312888.889  21333.333  -184888.889  106666.667  -156444.444  
-156444.444  -106666.667  28444.444  21333.333  312888.889  106666.667  -184888.889  -21333.333  
-106666.667  -156444.444  -21333.333  -184888.889  106666.667  312888.889  21333.333  28444.444  
28444.444  -21333.333  -156444.444  106666.667  -184888.889  21333.333  312888.889  -106666.667  
21333.333  -184888.889  106666.667  -156444.444  -21333.333  28444.444  -106666.667  312888.889  


 Printing Kg Matrix:
312888.889  106666.667  28444.444  21333.333  -184888.889  -21333.333  -156444.444  -106666.667  0.000  0.000  0.000  0.000  
106666.667  312888.889  -21333.333  -184888.889  21333.333  28444.444  -106666.667  -156444.444  0.000  0.000  0.000  0.000  
28444.444  -21333.333  312888.889  -106666.667  -156444.444  106666.667  -184888.889  21333.333  0.000  0.000  0.000  0.000  
21333.333  -184888.889  -106666.667  312888.889  106666.667  -156444.444  -21333.333  28444.444  0.000  0.000  0.000  0.000  
-184888.889  21333.333  -156444.444  106666.667  625777.778  -0.000  56888.889  0.000  -184888.889  -21333.333  -156444.444  -106666.667  
-21333.333  28444.444  106666.667  -156444.444  -0.000  625777.778  -0.000  -369777.778  21333.333  28444.444  -106666.667  -156444.444  
-156444.444  -106666.667  -184888.889  -21333.333  56888.889  -0.000  625777.778  0.000  -156444.444  106666.667  -184888.889  21333.333  
-106666.667  -156444.444  21333.333  28444.444  0.000  -369777.778  0.000  625777.778  106666.667  -156444.444  -21333.333  28444.444  
0.000  0.000  0.000  0.000  -184888.889  21333.333  -156444.444  106666.667  312888.889  -106666.667  28444.444  -21333.333  
0.000  0.000  0.000  0.000  -21333.333  28444.444  106666.667  -156444.444  -106666.667  312888.889  21333.333  -184888.889  
0.000  0.000  0.000  0.000  -156444.444  -106666.667  -184888.889  -21333.333  28444.444  21333.333  312888.889  106666.667  
0.000  0.000  0.000  0.000  -106666.667  -156444.444  21333.333  28444.444  -21333.333  -184888.889  106666.667  312888.889  


Basic RHS Assembler 


Kg stiffness matrix
312888.889  0.000  0.000  0.000  0.000  0.000  0.000  0.000  0.000  0.000  0.000  0.000  
0.000  312888.889  0.000  0.000  0.000  0.000  0.000  0.000  0.000  0.000  0.000  0.000  
0.000  0.000  312888.889  0.000  0.000  0.000  0.000  0.000  0.000  0.000  0.000  0.000  
0.000  0.000  0.000  312888.889  106666.667  -156444.444  -21333.333  28444.444  0.000  0.000  0.000  0.000  
0.000  0.000  0.000  106666.667  625777.778  -0.000  56888.889  0.000  -184888.889  -21333.333  -156444.444  -106666.667  
0.000  0.000  0.000  -156444.444  -0.000  625777.778  -0.000  -369777.778  21333.333  28444.444  -106666.667  -156444.444  
0.000  0.000  0.000  -21333.333  56888.889  -0.000  625777.778  0.000  -156444.444  106666.667  -184888.889  21333.333  
0.000  0.000  0.000  28444.444  0.000  -369777.778  0.000  625777.778  106666.667  -156444.444  -21333.333  28444.444  
0.000  0.000  0.000  0.000  -184888.889  21333.333  -156444.444  106666.667  312888.889  -106666.667  28444.444  -21333.333  
0.000  0.000  0.000  0.000  -21333.333  28444.444  106666.667  -156444.444  -106666.667  312888.889  21333.333  -184888.889  
0.000  0.000  0.000  0.000  -156444.444  -106666.667  -184888.889  -21333.333  28444.444  21333.333  312888.889  106666.667  
0.000  0.000  0.000  0.000  -106666.667  -156444.444  21333.333  28444.444  -21333.333  -184888.889  106666.667  312888.889  


RHSm
0.000
0.000
0.000
0.000
0.000
0.000
0.000
0.000
1000000.000
0.000
1000000.000
0.000


Global Displacements 
1
0.000
0.000
0.000
-0.781
3.125
-0.000
3.125
-0.781
6.250
-0.000
6.250
-0.781

Loading input data from file: elm_data4.dat
Reading Data File



File info: 
%This code defines the elastic properties of the material

Mechanical properties: 

Young M.        nu             mu                   h          selectFlag
80000.000          0.25080000000000.000             8.000              1
Number Of Elements     Number Of Nodes
2                        6
Number Of Fixed Nodes            Number Of Dynamic Constrains
2                                       2
Model Type                Global Element Thickness
4                                   8.000
Total number of degrees of freedom
12

Reading element map: 

%elements_map:_element_ID,_1st_node_ID,_2nd_node_id,_...
4  0  2  3  1  
4  2  4  5  3  

Reading node coordinates map: 

%nodal_coordinates_map:_xCoordindate,_yCoordindate,...
0.000  0.000  
0.000  200.000  
200.000  0.000  
200.000  200.000  
400.000  0.000  
400.000  200.000  

Reading global nodal indexes map where constrains are imposed: 

0  
1  

Reading global nodal map of constrains values: 1: fixed node, 0: free node 

1.000  1.000  
1.000  0.000  

Reading global nodal indexes map where forces are imposed: 

4  
5  

Reading global nodal map of force values 

0.000  
0.000  
0.000  
0.000  
0.000  
0.000  
0.000  
0.000  
1000000.000  
0.000  
1000000.000  
0.000  


Basic Kg Assembler 
0.000  0.000  0.000  0.000  0.000  0.000  0.000  0.000  0.000  0.000  0.000  0.000  
0.000  0.000  0.000  0.000  0.000  0.000  0.000  0.000  0.000  0.000  0.000  0.000  
0.000  0.000  0.000  0.000  0.000  0.000  0.000  0.000  0.000  0.000  0.000  0.000  
0.000  0.000  0.000  0.000  0.000  0.000  0.000  0.000  0.000  0.000  0.000  0.000  
0.000  0.000  0.000  0.000  0.000  0.000  0.000  0.000  0.000  0.000  0.000  0.000  
0.000  0.000  0.000  0.000  0.000  0.000  0.000  0.000  0.000  0.000  0.000  0.000  
0.000  0.000  0.000  0.000  0.000  0.000  0.000  0.000  0.000  0.000  0.000  0.000  
0.000  0.000  0.000  0.000  0.000  0.000  0.000  0.000  0.000  0.000  0.000  0.000  
0.000  0.000  0.000  0.000  0.000  0.000  0.000  0.000  0.000  0.000  0.000  0.000  
0.000  0.000  0.000  0.000  0.000  0.000  0.000  0.000  0.000  0.000  0.000  0.000  
0.000  0.000  0.000  0.000  0.000  0.000  0.000  0.000  0.000  0.000  0.000  0.000  
0.000  0.000  0.000  0.000  0.000  0.000  0.000  0.000  0.000  0.000  0.000  0.000  


Stiff Matrix for element 0
312888.889  106666.667  -184888.889  -21333.333  -156444.444  -106666.667  28444.444  21333.333  
106666.667  312888.889  21333.333  28444.444  -106666.667  -156444.444  -21333.333  -184888.889  
-184888.889  21333.333  312888.889  -106666.667  28444.444  -21333.333  -156444.444  106666.667  
-21333.333  28444.444  -106666.667  312888.889  21333.333  -184888.889  106666.667  -156444.444  
-156444.444  -106666.667  28444.444  21333.333  312888.889  106666.667  -184888.889  -21333.333  
-106666.667  -156444.444  -21333.333  -184888.889  106666.667  312888.889  21333.333  28444.444  
28444.444  -21333.333  -156444.444  106666.667  -184888.889  21333.333  312888.889  -106666.667  
21333.333  -184888.889  106666.667  -156444.444  -21333.333  28444.444  -106666.667  312888.889  


Stiff Matrix for element 1
312888.889  106666.667  -184888.889  -21333.333  -156444.444  -106666.667  28444.444  21333.333  
106666.667  312888.889  21333.333  28444.444  -106666.667  -156444.444  -21333.333  -184888.889  
-184888.889  21333.333  312888.889  -106666.667  28444.444  -21333.333  -156444.444  106666.667  
-21333.333  28444.444  -106666.667  312888.889  21333.333  -184888.889  106666.667  -156444.444  
-156444.444  -106666.667  28444.444  21333.333  312888.889  106666.667  -184888.889  -21333.333  
-106666.667  -156444.444  -21333.333  -184888.889  106666.667  312888.889  21333.333  28444.444  
28444.444  -21333.333  -156444.444  106666.667  -184888.889  21333.333  312888.889  -106666.667  
21333.333  -184888.889  106666.667  -156444.444  -21333.333  28444.444  -106666.667  312888.889  


 Printing Kg Matrix:
312888.889  106666.667  28444.444  21333.333  -184888.889  -21333.333  -156444.444  -106666.667  0.000  0.000  0.000  0.000  
106666.667  312888.889  -21333.333  -184888.889  21333.333  28444.444  -106666.667  -156444.444  0.000  0.000  0.000  0.000  
28444.444  -21333.333  312888.889  -106666.667  -156444.444  106666.667  -184888.889  21333.333  0.000  0.000  0.000  0.000  
21333.333  -184888.889  -106666.667  312888.889  106666.667  -156444.444  -21333.333  28444.444  0.000  0.000  0.000  0.000  
-184888.889  21333.333  -156444.444  106666.667  625777.778  -0.000  56888.889  0.000  -184888.889  -21333.333  -156444.444  -106666.667  
-21333.333  28444.444  106666.667  -156444.444  -0.000  625777.778  -0.000  -369777.778  21333.333  28444.444  -106666.667  -156444.444  
-156444.444  -106666.667  -184888.889  -21333.333  56888.889  -0.000  625777.778  0.000  -156444.444  106666.667  -184888.889  21333.333  
-106666.667  -156444.444  21333.333  28444.444  0.000  -369777.778  0.000  625777.778  106666.667  -156444.444  -21333.333  28444.444  
0.000  0.000  0.000  0.000  -184888.889  21333.333  -156444.444  106666.667  312888.889  -106666.667  28444.444  -21333.333  
0.000  0.000  0.000  0.000  -21333.333  28444.444  106666.667  -156444.444  -106666.667  312888.889  21333.333  -184888.889  
0.000  0.000  0.000  0.000  -156444.444  -106666.667  -184888.889  -21333.333  28444.444  21333.333  312888.889  106666.667  
0.000  0.000  0.000  0.000  -106666.667  -156444.444  21333.333  28444.444  -21333.333  -184888.889  106666.667  312888.889  


Basic RHS Assembler 


Kg stiffness matrix
312888.889 0.000 0.000 0.000 0.000 0.000 0.000 0.000 0.000 0.000 0.000 0.000 
0.000 312888.889 0.000 0.000 0.000 0.000 0.000 0.000 0.000 0.000 0.000 0.000 
0.000 0.000 312888.889 0.000 0.000 0.000 0.000 0.000 0.000 0.000 0.000 0.000 
0.000 0.000 0.000 312888.889 106666.667 -156444.444 -21333.333 28444.444 0.000 0.000 0.000 0.000 
0.000 0.000 0.000 106666.667 625777.778 -0.000 56888.889 0.000 -184888.889 -21333.333 -156444.444 -106666.667 
0.000 0.000 0.000 -156444.444 -0.000 625777.778 -0.000 -369777.778 21333.333 28444.444 -106666.667 -156444.444 
0.000 0.000 0.000 -21333.333 56888.889 -0.000 625777.778 0.000 -156444.444 106666.667 -184888.889 21333.333 
0.000 0.000 0.000 28444.444 0.000 -369777.778 0.000 625777.778 106666.667 -156444.444 -21333.333 28444.444 
0.000 0.000 0.000 0.000 -184888.889 21333.333 -156444.444 106666.667 312888.889 -106666.667 28444.444 -21333.333 
0.000 0.000 0.000 0.000 -21333.333 28444.444 106666.667 -156444.444 -106666.667 312888.889 21333.333 -184888.889 
0.000 0.000 0.000 0.000 -156444.444 -106666.667 -184888.889 -21333.333 28444.444 21333.333 312888.889 106666.667 
0.000 0.000 0.000 0.000 -106666.667 -156444.444 21333.333 28444.444 -21333.333 -184888.889 106666.667 312888.889 


RHSm
0.000 
0.000 
0.000 
0.000 
0.000 
0.000 
0.000 
0.000 
1000000.000 
0.000 
1000000.000 
0.000 


Global Displacements calculated with LAPACK DGESV 
0
0.000  
0.000  
0.000  
-0.781  
3.125  
-0.000  
3.125  
-0.781  
6.250  
-0.000  
6.250  
-0.781  

Loading input data from file: elm_data4.dat
Reading Data File



File info: 
%This code defines the elastic properties of the material

Mechanical properties: 

Young M.        nu             mu                   h          selectFlag
80000.000          0.25080000000000.000             8.000              1
Number Of Elements     Number Of Nodes
2                        6
Number Of Fixed Nodes            Number Of Dynamic Constrains
2                                       2
Model Type                Global Element Thickness
4                                   8.000
Total number of degrees of freedom
12

Reading element map: 

%elements_map:_element_ID,_1st_node_ID,_2nd_node_id,_...
4  0  2  3  1  
4  2  4  5  3  

Reading node coordinates map: 

%nodal_coordinates_map:_xCoordindate,_yCoordindate,...
0.000  0.000  
0.000  200.000  
200.000  0.000  
200.000  200.000  
400.000  0.000  
400.000  200.000  

Reading global nodal indexes map where constrains are imposed: 

0  
1  

Reading global nodal map of constrains values: 1: fixed node, 0: free node 

1.000  1.000  
1.000  0.000  

Reading global nodal indexes map where forces are imposed: 

4  
5  

Reading global nodal map of force values 

0.000  
0.000  
0.000  
0.000  
0.000  
0.000  
0.000  
0.000  
1000000.000  
0.000  
1000000.000  
0.000  


Basic Kg Assembler 
0.000  0.000  0.000  0.000  0.000  0.000  0.000  0.000  0.000  0.000  0.000  0.000  
0.000  0.000  0.000  0.000  0.000  0.000  0.000  0.000  0.000  0.000  0.000  0.000  
0.000  0.000  0.000  0.000  0.000  0.000  0.000  0.000  0.000  0.000  0.000  0.000  
0.000  0.000  0.000  0.000  0.000  0.000  0.000  0.000  0.000  0.000  0.000  0.000  
0.000  0.000  0.000  0.000  0.000  0.000  0.000  0.000  0.000  0.000  0.000  0.000  
0.000  0.000  0.000  0.000  0.000  0.000  0.000  0.000  0.000  0.000  0.000  0.000  
0.000  0.000  0.000  0.000  0.000  0.000  0.000  0.000  0.000  0.000  0.000  0.000  
0.000  0.000  0.000  0.000  0.000  0.000  0.000  0.000  0.000  0.000  0.000  0.000  
0.000  0.000  0.000  0.000  0.000  0.000  0.000  0.000  0.000  0.000  0.000  0.000  
0.000  0.000  0.000  0.000  0.000  0.000  0.000  0.000  0.000  0.000  0.000  0.000  
0.000  0.000  0.000  0.000  0.000  0.000  0.000  0.000  0.000  0.000  0.000  0.000  
0.000  0.000  0.000  0.000  0.000  0.000  0.000  0.000  0.000  0.000  0.000  0.000  


Stiff Matrix for element 0
312888.889  106666.667  -184888.889  -21333.333  -156444.444  -106666.667  28444.444  21333.333  
106666.667  312888.889  21333.333  28444.444  -106666.667  -156444.444  -21333.333  -184888.889  
-184888.889  21333.333  312888.889  -106666.667  28444.444  -21333.333  -156444.444  106666.667  
-21333.333  28444.444  -106666.667  312888.889  21333.333  -184888.889  106666.667  -156444.444  
-156444.444  -106666.667  28444.444  21333.333  312888.889  106666.667  -184888.889  -21333.333  
-106666.667  -156444.444  -21333.333  -184888.889  106666.667  312888.889  21333.333  28444.444  
28444.444  -21333.333  -156444.444  106666.667  -184888.889  21333.333  312888.889  -106666.667  
21333.333  -184888.889  106666.667  -156444.444  -21333.333  28444.444  -106666.667  312888.889  


Stiff Matrix for element 1
312888.889  106666.667  -184888.889  -21333.333  -156444.444  -106666.667  28444.444  21333.333  
106666.667  312888.889  21333.333  28444.444  -106666.667  -156444.444  -21333.333  -184888.889  
-184888.889  21333.333  312888.889  -106666.667  28444.444  -21333.333  -156444.444  106666.667  
-21333.333  28444.444  -106666.667  312888.889  21333.333  -184888.889  106666.667  -156444.444  
-156444.444  -106666.667  28444.444  21333.333  312888.889  106666.667  -184888.889  -21333.333  
-106666.667  -156444.444  -21333.333  -184888.889  106666.667  312888.889  21333.333  28444.444  
28444.444  -21333.333  -156444.444  106666.667  -184888.889  21333.333  312888.889  -106666.667  
21333.333  -184888.889  106666.667  -156444.444  -21333.333  28444.444  -106666.667  312888.889  


 Printing Kg Matrix:
312888.889  106666.667  28444.444  21333.333  -184888.889  -21333.333  -156444.444  -106666.667  0.000  0.000  0.000  0.000  
106666.667  312888.889  -21333.333  -184888.889  21333.333  28444.444  -106666.667  -156444.444  0.000  0.000  0.000  0.000  
28444.444  -21333.333  312888.889  -106666.667  -156444.444  106666.667  -184888.889  21333.333  0.000  0.000  0.000  0.000  
21333.333  -184888.889  -106666.667  312888.889  106666.667  -156444.444  -21333.333  28444.444  0.000  0.000  0.000  0.000  
-184888.889  21333.333  -156444.444  106666.667  625777.778  -0.000  56888.889  0.000  -184888.889  -21333.333  -156444.444  -106666.667  
-21333.333  28444.444  106666.667  -156444.444  -0.000  625777.778  -0.000  -369777.778  21333.333  28444.444  -106666.667  -156444.444  
-156444.444  -106666.667  -184888.889  -21333.333  56888.889  -0.000  625777.778  0.000  -156444.444  106666.667  -184888.889  21333.333  
-106666.667  -156444.444  21333.333  28444.444  0.000  -369777.778  0.000  625777.778  106666.667  -156444.444  -21333.333  28444.444  
0.000  0.000  0.000  0.000  -184888.889  21333.333  -156444.444  106666.667  312888.889  -106666.667  28444.444  -21333.333  
0.000  0.000  0.000  0.000  -21333.333  28444.444  106666.667  -156444.444  -106666.667  312888.889  21333.333  -184888.889  
0.000  0.000  0.000  0.000  -156444.444  -106666.667  -184888.889  -21333.333  28444.444  21333.333  312888.889  106666.667  
0.000  0.000  0.000  0.000  -106666.667  -156444.444  21333.333  28444.444  -21333.333  -184888.889  106666.667  312888.889  


Basic RHS Assembler 


Original  stiffness matrix
312888.889  0.000  0.000  0.000  0.000  0.000  0.000  0.000  0.000  0.000  0.000  0.000  
0.000  312888.889  0.000  0.000  0.000  0.000  0.000  0.000  0.000  0.000  0.000  0.000  
0.000  0.000  312888.889  0.000  0.000  0.000  0.000  0.000  0.000  0.000  0.000  0.000  
0.000  0.000  0.000  312888.889  106666.667  -156444.444  -21333.333  28444.444  0.000  0.000  0.000  0.000  
0.000  0.000  0.000  106666.667  625777.778  -0.000  56888.889  0.000  -184888.889  -21333.333  -156444.444  -106666.667  
0.000  0.000  0.000  -156444.444  -0.000  625777.778  -0.000  -369777.778  21333.333  28444.444  -106666.667  -156444.444  
0.000  0.000  0.000  -21333.333  56888.889  -0.000  625777.778  0.000  -156444.444  106666.667  -184888.889  21333.333  
0.000  0.000  0.000  28444.444  0.000  -369777.778  0.000  625777.778  106666.667  -156444.444  -21333.333  28444.444  
0.000  0.000  0.000  0.000  -184888.889  21333.333  -156444.444  106666.667  312888.889  -106666.667  28444.444  -21333.333  
0.000  0.000  0.000  0.000  -21333.333  28444.444  106666.667  -156444.444  -106666.667  312888.889  21333.333  -184888.889  
0.000  0.000  0.000  0.000  -156444.444  -106666.667  -184888.889  -21333.333  28444.444  21333.333  312888.889  106666.667  
0.000  0.000  0.000  0.000  -106666.667  -156444.444  21333.333  28444.444  -21333.333  -184888.889  106666.667  312888.889  


Default Kg stiffness matrix
0.000 0.000 0.000 0.000 0.000 0.000 0.000 0.000 0.000 0.000 0.000 0.000 
0.000 0.000 0.000 0.000 0.000 0.000 0.000 0.000 0.000 0.000 0.000 0.000 
0.000 0.000 0.000 0.000 0.000 0.000 0.000 0.000 0.000 0.000 0.000 0.000 
0.000 0.000 0.000 0.000 0.000 0.000 0.000 0.000 0.000 0.000 0.000 0.000 
0.000 0.000 0.000 0.000 0.000 0.000 0.000 0.000 0.000 0.000 0.000 0.000 
0.000 0.000 0.000 0.000 0.000 0.000 0.000 0.000 0.000 0.000 0.000 0.000 
0.000 0.000 0.000 0.000 0.000 0.000 0.000 0.000 0.000 0.000 0.000 0.000 
0.000 0.000 0.000 0.000 0.000 0.000 0.000 0.000 0.000 0.000 0.000 0.000 
0.000 0.000 0.000 0.000 0.000 0.000 0.000 0.000 0.000 0.000 0.000 0.000 
0.000 0.000 0.000 0.000 0.000 0.000 0.000 0.000 0.000 0.000 0.000 0.000 
0.000 0.000 0.000 0.000 0.000 0.000 0.000 0.000 0.000 0.000 0.000 0.000 
0.000 0.000 0.000 0.000 0.000 0.000 0.000 0.000 0.000 0.000 0.000 0.000 
0.000 0.000 0.000 0.000 0.000 0.000 0.000 0.000 0.000 0.000 0.000 0.000 
0.000 0.000 0.000 0.000 0.000 0.000 0.000 0.000 0.000 0.000 0.000 0.000 
0.000 0.000 0.000 0.000 0.000 0.000 0.000 0.000 0.000 0.000 0.000 0.000 
0.000 0.000 0.000 0.000 0.000 0.000 0.000 0.000 0.000 0.000 0.000 0.000 
0.000 0.000 0.000 0.000 0.000 0.000 0.000 0.000 0.000 0.000 0.000 0.000 
0.000 0.000 0.000 0.000 0.000 0.000 0.000 0.000 0.000 0.000 0.000 0.000 
0.000 0.000 0.000 0.000 0.000 0.000 0.000 0.000 0.000 0.000 0.000 0.000 
0.000 0.000 0.000 0.000 0.000 0.000 0.000 0.000 0.000 0.000 0.000 0.000 
0.000 0.000 0.000 0.000 0.000 0.000 0.000 0.000 0.000 0.000 0.000 0.000 
0.000 0.000 0.000 0.000 0.000 0.000 0.000 0.000 0.000 0.000 0.000 0.000 
0x7 91a07 92a18 93a29 94a310 95a411 
0x6 102a06 103a17 104a28 105a39 106a410 107a511 
0x5 113a05 114a16 115a27 116a38 117a49 118a510 119a611 
0x4 124a04 125a15 126a26 127a37 128a48 129a59 130a610 131a711 
0x3 135a03 136a14 137a25 138a36 139a47 140a58 141a69 142a710 143a811 
0x2 146a02 147a13 148a24 149a35 150a46 151a57 152a68 153a79 154a810 155a911 
0x1 157a01 158a12 159a23 160a34 161a45 162a56 163a67 164a78 165a89 166a910 167a1011 
0x0 168a00 169a11 170a22 171a33 172a44 173a55 174a66 175a77 176a88 177a99 178a1010 179a1111 
180a10 181a21 182a32 183a43 184a54 185a65 186a76 187a87 188a98 189a109 190a1110 0x1 
192a20 193a31 194a42 195a53 196a64 197a75 198a86 199a97 200a108 201a119 0x2 
204a30 205a41 206a52 207a63 208a74 209a85 210a96 211a107 212a118 0x3 
216a40 217a51 218a62 219a73 220a84 221a95 222a106 223a117 0x4 
228a50 229a61 230a72 231a83 232a94 233a105 234a116 0x5 
240a60 241a71 242a82 243a93 244a104 245a115 0x6 
252a70 253a81 254a92 255a103 256a114 0x7 


0.000 0.000 0.000 0.000 0.000 0.000 0.000 0.000 0.000 0.000 0.000 0.000 
0.000 0.000 0.000 0.000 0.000 0.000 0.000 0.000 0.000 0.000 0.000 0.000 
0.000 0.000 0.000 0.000 0.000 0.000 0.000 0.000 0.000 0.000 0.000 0.000 
0.000 0.000 0.000 0.000 0.000 0.000 0.000 0.000 0.000 0.000 0.000 0.000 
0.000 0.000 0.000 0.000 0.000 0.000 0.000 0.000 0.000 0.000 0.000 0.000 
0.000 0.000 0.000 0.000 0.000 0.000 0.000 0.000 0.000 0.000 0.000 0.000 
0.000 0.000 0.000 0.000 0.000 0.000 0.000 0.000 0.000 0.000 0.000 0.000 
0.000 0.000 0.000 0.000 0.000 0.000 0.000 0.000 0.000 0.000 0.000 -106666.667 
0.000 0.000 0.000 0.000 0.000 0.000 0.000 0.000 0.000 0.000 -156444.444 -156444.444 
0.000 0.000 0.000 0.000 0.000 0.000 0.000 0.000 0.000 -21333.333 -106666.667 21333.333 
0.000 0.000 0.000 0.000 0.000 0.000 0.000 28444.444 -184888.889 28444.444 -184888.889 28444.444 
0.000 0.000 0.000 0.000 0.000 0.000 -21333.333 0.000 21333.333 106666.667 -21333.333 -21333.333 
0.000 0.000 0.000 0.000 0.000 -156444.444 56888.889 -369777.778 -156444.444 -156444.444 28444.444 -184888.889 
0.000 0.000 0.000 0.000 106666.667 -0.000 -0.000 0.000 106666.667 -106666.667 21333.333 106666.667 
312888.889 312888.889 312888.889 312888.889 625777.778 625777.778 625777.778 625777.778 312888.889 312888.889 312888.889 312888.889 
0.000 0.000 0.000 106666.667 -0.000 -0.000 0.000 106666.667 -106666.667 21333.333 106666.667 0.000 
0.000 0.000 0.000 -156444.444 56888.889 -369777.778 -156444.444 -156444.444 28444.444 -184888.889 0.000 0.000 
0.000 0.000 0.000 -21333.333 0.000 21333.333 106666.667 -21333.333 -21333.333 0.000 0.000 0.000 
0.000 0.000 0.000 28444.444 -184888.889 28444.444 -184888.889 28444.444 0.000 0.000 0.000 0.000 
0.000 0.000 0.000 0.000 -21333.333 -106666.667 21333.333 0.000 0.000 0.000 0.000 0.000 
0.000 0.000 0.000 0.000 -156444.444 -156444.444 0.000 0.000 0.000 0.000 0.000 0.000 
0.000 0.000 0.000 0.000 -106666.667 0.000 0.000 0.000 0.000 0.000 0.000 0.000 


RHSm
0.000 
0.000 
0.000 
0.000 
0.000 
0.000 
0.000 
0.000 
1000000.000 
0.000 
1000000.000 
0.000 


Global Displacements calculated with LAPACK DGESV 
0
0.000  
0.000  
0.000  
-0.781  
3.125  
-0.000  
3.125  
-0.781  
6.250  
-0.000  
6.250  
-0.781  






Press the Enter key to continue.

