

This code output is a numerical aproximation for a plane stresss 
or a plane strain problem.

Loading input data from file: elm_data1.dat
Reading Data File



File info: 
%This code defines the elastic properties of the material

Mechanical properties: 

Young M.        nu             mu                   h          selectFlag
200000            0.3          8e+10                10              0
Number Of Elements     Number Of Nodes
2                        7
Number Of Fixed Nodes            Number Of Dynamic Constrains
2                                       2
Model Type                Global Element Thickness
4                                      10
Total number of degrees of freedom
14

Reading element map: 

%elements_map:_element_ID,_1st_node_ID,_2nd_node_id,_...
4  0  1  2  3  
4  0  4  5  6  

Reading node coordinates map: 

%nodal_coordinates_map:_xCoordindate,_yCoordindate,...
0.000  0.000  
200.000  0.000  
220.000  100.000  
20.000  80.000  
600.000  0.000  
600.000  300.000  
0.000  300.000  

Reading node displacement map: 

%nodal_displaments_map:_xCoordindate,_yCoordindate,...
0.000  
0.000  
0.045  
0.004  
0.046  
0.027  
0.008  
0.029  
0.600  
0.000  
0.600  
-0.090  
0.000  
-0.090  


General Plane Stres-Strain case: 


Printing local Strain: 
0.000  
0.000  
0.000  


Printing local Stress: 
104.011  
81.703  
2.404  


General Uniaxial Stress case: 


Printing local Strain: 
0.001  
-0.000  
0.000  


Printing local Stress: 
200.000  
0.000  
0.000  

Loading input data from file: elm_data2.dat
Reading Data File



File info: 
%This code defines the elastic properties of the material

Mechanical properties: 

Young M.        nu             mu                   h          selectFlag
10000.000          0.30080000000000.000            10.000              0
Number Of Elements     Number Of Nodes
2                        7
Number Of Fixed Nodes            Number Of Dynamic Constrains
2                                       2
Model Type                Global Element Thickness
4                                  10.000
Total number of degrees of freedom
14

Reading element map: 

%elements_map:_element_ID,_1st_node_ID,_2nd_node_id,_...
4  0  1  2  3  
4  0  4  5  6  

Reading node coordinates map: 

%nodal_coordinates_map:_xCoordindate,_yCoordindate,...
0.000  0.000  
200.000  0.000  
220.000  100.000  
20.000  80.000  
600.000  0.000  
600.000  300.000  
0.000  300.000  

Reading node displacement map: 

%nodal_displaments_map:_xCoordindate,_yCoordindate,...
0.000  
0.000  
0.045  
0.004  
0.046  
0.027  
0.008  
0.029  
0.600  
0.000  
0.600  
-0.090  
0.000  
-0.090  


Basic Element Assembler 


Stiff Matrix for element 0
41377.033  12892.657  -2096.230  -337.753  -15953.711  -15714.449  -23327.092  3159.545  
12892.657  80574.028  2409.500  35219.281  -15714.449  -31332.258  412.292  -84461.051  
-2096.230  2409.500  50446.181  -23054.792  -18138.659  -163.584  -30211.292  20808.875  
-337.753  35219.281  -23054.792  97276.692  2583.669  -74411.710  20808.875  -58084.263  
-15953.711  -15714.449  -18138.659  2583.669  36707.444  13410.945  -2615.074  -280.165  
-15714.449  -31332.258  -163.584  -74411.710  13410.945  71529.621  2467.088  34214.347  
-23327.092  412.292  -30211.292  20808.875  -2615.074  2467.088  56153.458  -23688.255  
3159.545  -84461.051  20808.875  -58084.263  -280.165  34214.347  -23688.255  108330.967  


Forces acting on element 0
-1348.832  
-3765.603  
1700.831  
-4056.599  
1215.688  
3255.148  
-1567.686  
4567.054  


Stiff Matrix for element 1
43956.044  17857.143  -5494.505  -1373.626  -21978.022  -17857.143  -16483.516  1373.626  
17857.143  79670.330  1373.626  30219.780  -17857.143  -39835.165  -1373.626  -70054.945  
-5494.505  1373.626  43956.044  -17857.143  -16483.516  -1373.626  -21978.022  17857.143  
-1373.626  30219.780  -17857.143  79670.330  1373.626  -70054.945  17857.143  -39835.165  
-21978.022  -17857.143  -16483.516  1373.626  43956.044  17857.143  -5494.505  -1373.626  
-17857.143  -39835.165  -1373.626  -70054.945  17857.143  79670.330  1373.626  30219.780  
-16483.516  -1373.626  -21978.022  17857.143  -5494.505  1373.626  43956.044  -17857.143  
1373.626  -70054.945  17857.143  -39835.165  -1373.626  30219.780  -17857.143  79670.330  


Forces acting on element 1
-15000.000  
-0.000  
15000.000  
-0.000  
15000.000  
-0.000  
-15000.000  
-0.000  

Loading input data from file: elm_data3.dat
Reading Data File



File info: 
%This code defines the elastic properties of the material

Mechanical properties: 

Young M.        nu             mu                   h          selectFlag
80000.000          0.25080000000000.000             8.000              1
Number Of Elements     Number Of Nodes
2                        6
Number Of Fixed Nodes            Number Of Dynamic Constrains
3                                       2
Model Type                Global Element Thickness
4                                   8.000
Total number of degrees of freedom
12

Reading element map: 

%elements_map:_element_ID,_1st_node_ID,_2nd_node_id,_...
4  0  2  3  1  
4  2  4  5  3  

Reading node coordinates map: 

%nodal_coordinates_map:_xCoordindate,_yCoordindate,...
0.000  0.000  
0.000  200.000  
200.000  0.000  
200.000  200.000  
400.000  0.000  
400.000  200.000  

Reading global nodal indexes map where constrains are imposed: 

0  
1  
3  

Reading global nodal map of constrains values: 1: fixed node, 0: free node 

1.000  1.000  
1.000  0.000  
0.000  1.000  

Reading global nodal indexes map where forces are imposed: 

4  
5  

Reading global nodal map of force values 

0.000  
0.000  
0.000  
0.000  
0.000  
0.000  
0.000  
0.000  
800000.000  
0.000  
1000000.000  
0.000  


Basic Kg Assembler 
0.000  0.000  0.000  0.000  0.000  0.000  0.000  0.000  0.000  0.000  0.000  0.000  
0.000  0.000  0.000  0.000  0.000  0.000  0.000  0.000  0.000  0.000  0.000  0.000  
0.000  0.000  0.000  0.000  0.000  0.000  0.000  0.000  0.000  0.000  0.000  0.000  
0.000  0.000  0.000  0.000  0.000  0.000  0.000  0.000  0.000  0.000  0.000  0.000  
0.000  0.000  0.000  0.000  0.000  0.000  0.000  0.000  0.000  0.000  0.000  0.000  
0.000  0.000  0.000  0.000  0.000  0.000  0.000  0.000  0.000  0.000  0.000  0.000  
0.000  0.000  0.000  0.000  0.000  0.000  0.000  0.000  0.000  0.000  0.000  0.000  
0.000  0.000  0.000  0.000  0.000  0.000  0.000  0.000  0.000  0.000  0.000  0.000  
0.000  0.000  0.000  0.000  0.000  0.000  0.000  0.000  0.000  0.000  0.000  0.000  
0.000  0.000  0.000  0.000  0.000  0.000  0.000  0.000  0.000  0.000  0.000  0.000  
0.000  0.000  0.000  0.000  0.000  0.000  0.000  0.000  0.000  0.000  0.000  0.000  
0.000  0.000  0.000  0.000  0.000  0.000  0.000  0.000  0.000  0.000  0.000  0.000  


Stiff Matrix for element 0
312888.889  106666.667  -184888.889  -21333.333  -156444.444  -106666.667  28444.444  21333.333  
106666.667  312888.889  21333.333  28444.444  -106666.667  -156444.444  -21333.333  -184888.889  
-184888.889  21333.333  312888.889  -106666.667  28444.444  -21333.333  -156444.444  106666.667  
-21333.333  28444.444  -106666.667  312888.889  21333.333  -184888.889  106666.667  -156444.444  
-156444.444  -106666.667  28444.444  21333.333  312888.889  106666.667  -184888.889  -21333.333  
-106666.667  -156444.444  -21333.333  -184888.889  106666.667  312888.889  21333.333  28444.444  
28444.444  -21333.333  -156444.444  106666.667  -184888.889  21333.333  312888.889  -106666.667  
21333.333  -184888.889  106666.667  -156444.444  -21333.333  28444.444  -106666.667  312888.889  


Stiff Matrix for element 1
312888.889  106666.667  -184888.889  -21333.333  -156444.444  -106666.667  28444.444  21333.333  
106666.667  312888.889  21333.333  28444.444  -106666.667  -156444.444  -21333.333  -184888.889  
-184888.889  21333.333  312888.889  -106666.667  28444.444  -21333.333  -156444.444  106666.667  
-21333.333  28444.444  -106666.667  312888.889  21333.333  -184888.889  106666.667  -156444.444  
-156444.444  -106666.667  28444.444  21333.333  312888.889  106666.667  -184888.889  -21333.333  
-106666.667  -156444.444  -21333.333  -184888.889  106666.667  312888.889  21333.333  28444.444  
28444.444  -21333.333  -156444.444  106666.667  -184888.889  21333.333  312888.889  -106666.667  
21333.333  -184888.889  106666.667  -156444.444  -21333.333  28444.444  -106666.667  312888.889  


 Printing Kg Matrix:
312888.889  106666.667  28444.444  21333.333  -184888.889  -21333.333  -156444.444  -106666.667  0.000  0.000  0.000  0.000  
106666.667  312888.889  -21333.333  -184888.889  21333.333  28444.444  -106666.667  -156444.444  0.000  0.000  0.000  0.000  
28444.444  -21333.333  312888.889  -106666.667  -156444.444  106666.667  -184888.889  21333.333  0.000  0.000  0.000  0.000  
21333.333  -184888.889  -106666.667  312888.889  106666.667  -156444.444  -21333.333  28444.444  0.000  0.000  0.000  0.000  
-184888.889  21333.333  -156444.444  106666.667  625777.778  -0.000  56888.889  0.000  -184888.889  -21333.333  -156444.444  -106666.667  
-21333.333  28444.444  106666.667  -156444.444  -0.000  625777.778  0.000  -369777.778  21333.333  28444.444  -106666.667  -156444.444  
-156444.444  -106666.667  -184888.889  -21333.333  56888.889  0.000  625777.778  0.000  -156444.444  106666.667  -184888.889  21333.333  
-106666.667  -156444.444  21333.333  28444.444  0.000  -369777.778  0.000  625777.778  106666.667  -156444.444  -21333.333  28444.444  
0.000  0.000  0.000  0.000  -184888.889  21333.333  -156444.444  106666.667  312888.889  -106666.667  28444.444  -21333.333  
0.000  0.000  0.000  0.000  -21333.333  28444.444  106666.667  -156444.444  -106666.667  312888.889  21333.333  -184888.889  
0.000  0.000  0.000  0.000  -156444.444  -106666.667  -184888.889  -21333.333  28444.444  21333.333  312888.889  106666.667  
0.000  0.000  0.000  0.000  -106666.667  -156444.444  21333.333  28444.444  -21333.333  -184888.889  106666.667  312888.889  


Basic RHS Assembler 


Kg stiffness matrix
312888.889  0.000  0.000  0.000  0.000  0.000  0.000  0.000  0.000  0.000  0.000  0.000  
0.000  312888.889  0.000  0.000  0.000  0.000  0.000  0.000  0.000  0.000  0.000  0.000  
0.000  0.000  312888.889  0.000  0.000  0.000  0.000  0.000  0.000  0.000  0.000  0.000  
0.000  0.000  0.000  312888.889  106666.667  -156444.444  -21333.333  0.000  0.000  0.000  0.000  0.000  
0.000  0.000  0.000  106666.667  625777.778  -0.000  56888.889  0.000  -184888.889  -21333.333  -156444.444  -106666.667  
0.000  0.000  0.000  -156444.444  -0.000  625777.778  0.000  0.000  21333.333  28444.444  -106666.667  -156444.444  
0.000  0.000  0.000  -21333.333  56888.889  0.000  625777.778  0.000  -156444.444  106666.667  -184888.889  21333.333  
0.000  0.000  0.000  0.000  0.000  0.000  0.000  625777.778  0.000  0.000  0.000  0.000  
0.000  0.000  0.000  0.000  -184888.889  21333.333  -156444.444  0.000  312888.889  -106666.667  28444.444  -21333.333  
0.000  0.000  0.000  0.000  -21333.333  28444.444  106666.667  0.000  -106666.667  312888.889  21333.333  -184888.889  
0.000  0.000  0.000  0.000  -156444.444  -106666.667  -184888.889  0.000  28444.444  21333.333  312888.889  106666.667  
0.000  0.000  0.000  0.000  -106666.667  -156444.444  21333.333  0.000  -21333.333  -184888.889  106666.667  312888.889  


RHSm
0.000  
0.000  
0.000  
0.000  
0.000  
0.000  
0.000  
0.000  
800000.000  
0.000  
1000000.000  
0.000  


Invers Matrix
0.0000031960  0.0000000000  0.0000000000  0.0000000000  0.0000000000  0.0000000000  0.0000000000  0.0000000000  0.0000000000  0.0000000000  0.0000000000  0.0000000000  
0.0000000000  0.0000031960  0.0000000000  0.0000000000  0.0000000000  0.0000000000  0.0000000000  0.0000000000  0.0000000000  0.0000000000  0.0000000000  0.0000000000  
0.0000000000  0.0000000000  0.0000031960  0.0000000000  0.0000000000  0.0000000000  0.0000000000  0.0000000000  0.0000000000  0.0000000000  0.0000000000  0.0000000000  
0.0000000000  0.0000000000  0.0000000000  0.0000040796  -0.0000010824  0.0000009869  0.0000003093  0.0000000000  -0.0000010014  -0.0000010677  0.0000003903  -0.0000007289  
0.0000000000  0.0000000000  0.0000000000  -0.0000010824  0.0000037632  0.0000004619  -0.0000004474  0.0000000000  0.0000038011  0.0000043623  -0.0000004095  0.0000045208  
0.0000000000  0.0000000000  0.0000000000  0.0000009869  0.0000004619  0.0000023067  -0.0000001320  0.0000000000  0.0000006513  0.0000013513  0.0000000574  0.0000021432  
0.0000000000  0.0000000000  0.0000000000  0.0000003093  -0.0000004474  -0.0000001320  0.0000032668  0.0000000000  -0.0000004582  -0.0000037575  0.0000032559  -0.0000038028  
0.0000000000  0.0000000000  0.0000000000  0.0000000000  0.0000000000  0.0000000000  0.0000000000  0.0000015980  0.0000000000  0.0000000000  0.0000000000  0.0000000000  
0.0000000000  0.0000000000  0.0000000000  -0.0000010014  0.0000038011  0.0000006513  -0.0000004582  0.0000000000  0.0000085810  0.0000079316  -0.0000020704  0.0000076304  
0.0000000000  0.0000000000  0.0000000000  -0.0000010677  0.0000043623  0.0000013513  -0.0000037575  0.0000000000  0.0000079316  0.0000167152  -0.0000065803  0.0000150802  
0.0000000000  0.0000000000  0.0000000000  0.0000003903  -0.0000004095  0.0000000574  0.0000032559  0.0000000000  -0.0000020704  -0.0000065803  0.0000079871  -0.0000070853  
0.0000000000  0.0000000000  0.0000000000  -0.0000007289  0.0000045208  0.0000021432  -0.0000038028  0.0000000000  0.0000076304  0.0000150802  -0.0000070853  0.0000179148  


Global Displaceents 
0.000  
0.000  
0.000  
-0.411  
2.631  
0.578  
2.889  
0.000  
4.794  
-0.235  
6.331  
-0.981  






Press the Enter key to continue.

